{"rm_object_type":"com.rapidminer.operator.visualization.dependencies.NumericalMatrix","rm_object_version":"10.1.1","matrix":[[1.0,0.4906894435635741,0.21142789324913383,0.42682110402882,0.5748582538763688,0.757404136687062,0.9608337189840019,0.46649475872701873,0.20191471475792855,0.19359378753090678,0.1373776981042107,0.01217046379037816,0.48850652023498314,0.15473373392140224,0.033094475863330676,0.054297992871830604,-0.009361335162520159,0.0068776145911743705,0.07910630073832213,-0.023250306876277136,-0.030460556683685705,0.03204348800963308,-0.02620113713287837,-0.031331990087812456,0.6098381071177733],[0.4906894435635741,1.0,0.28534620198488786,0.8546706336788628,0.200591201453889,0.48910274333937936,0.48736054010753066,0.7515787252235305,0.7914441786058432,0.43975628772039943,0.1030869487313467,0.006850717631058423,0.37519534393722687,0.03547725198574198,-0.013218343501196814,0.024409826548547946,0.0041879928374205354,0.03420970643444012,-0.014598385187434408,-0.038121244772010184,-0.0062263429194822665,0.04284409752186401,-0.009127995834369587,0.003870038644339705,0.45814751109329377],[0.21142789324913383,0.28534620198488786,1.0,0.0560808170201614,0.3311340723010024,0.0908029118900569,0.16984467118757776,0.48918921543356625,0.046935234710110935,-0.10082998154977585,-0.003773055018633092,0.0018355621136693782,0.08384259807110485,0.043072965911727754,-0.0017043817101264583,-0.020078208089790453,0.01222405762095008,-0.005524683996155378,0.005385459469483852,0.016934718837380375,0.027804247691099574,-0.004326556960728393,-0.014432487008952402,-0.031502194518921244,0.10688630199948444],[0.42682110402882,0.8546706336788628,0.0560808170201614,1.0,0.036645377803943675,0.5798367076841523,0.4189077912787672,0.4888440111047877,0.6589128012077577,0.48892729859690953,0.1437727685912184,0.008190016629855424,0.40931476721430815,0.011945378924801207,-0.002957966144404486,0.0589220877236919,-8.820416361335759E-5,0.04686991848135524,-0.030451117005014367,-0.04535677140917983,-0.01618890297172126,0.048907683045408684,0.01205279542839995,0.029491037188600935,0.504941710518335],[0.5748582538763688,0.200591201453889,0.3311340723010024,0.036645377803943675,1.0,0.1291602407398786,0.4585495564354275,0.2976847083805528,0.056863102310105954,-0.3180408273744805,0.007555583682000221,0.01118184807415072,0.21836159628998153,0.12685732014646292,0.024670785704235976,-0.020531061355100126,-0.014441534726584292,-0.015738882150536898,0.09136387077712478,0.01722726182890311,-0.010687480958527536,-0.0018393064272983145,-0.04655652185854525,-0.04148171695382448,0.25437002950191906],[0.757404136687062,0.48910274333937936,0.0908029118900569,0.5798367076841523,0.1291602407398786,1.0,0.7078942415247571,0.3392317544606813,0.2460577038594837,0.5466956716449206,0.1803523685686045,0.010554193715812626,0.5204596519539253,0.08619691445664582,0.021394110517518383,0.08973253145552314,-0.009963332106268867,0.04357452925630215,0.014330205793998116,-0.044273467354491475,-0.020427302965837838,0.04248683844994733,0.017617739067626627,0.010254316150608952,0.6707965769007922],[0.9608337189840019,0.48736054010753066,0.16984467118757776,0.4189077912787672,0.4585495564354275,0.7078942415247571,1.0,0.46769004631446637,0.2160832567947459,0.22219808872510494,0.13035098923839616,0.010306532007318677,0.45033058794329095,0.143321670208517,0.026789875068820596,0.04965142561241384,-0.004342405201420774,3.098926497469117E-4,0.06850104952643038,-0.01974181354364354,-0.029811061230390224,0.02789804200148278,-0.029612405338238716,-0.02788331961573817,0.5644484150499884],[0.46649475872701873,0.7515787252235305,0.48918921543356625,0.4888440111047877,0.2976847083805528,0.3392317544606813,0.46769004631446637,1.0,0.3226410991620987,0.2026134318551294,0.07379140141262777,0.014036041916606401,0.26586398574326614,0.042703700988558385,-0.01611537389149012,0.019912668580922666,0.005809866567685453,0.011660426502851456,-0.008912024287474073,-0.038234398287845264,0.005143365926428885,0.026289972030768587,-0.009587849559744621,-0.005813426005391269,0.32042746991471976],[0.20191471475792855,0.7914441786058432,0.046935234710110935,0.6589128012077577,0.056863102310105954,0.2460577038594837,0.2160832567947459,0.3226410991620987,1.0,0.3416959347545303,0.03277512050359534,-0.011333731544184971,0.21235710184568615,0.011962257949703958,-0.007154732412991893,-0.01921080053335061,0.007259246947983092,0.01666631757510869,-0.0051997604349731715,-0.005494258075842025,-0.010155308540325422,0.005837939326927162,-0.021333032380710472,-0.008043808846784234,0.2518391743177687],[0.19359378753090678,0.43975628772039943,-0.10082998154977585,0.48892729859690953,-0.3180408273744805,0.5466956716449206,0.22219808872510494,0.2026134318551294,0.3416959347545303,1.0,0.12014075138951742,0.016917346067781235,0.43003523898945456,0.054508462521836165,-0.012329750345387205,0.06567140435966144,0.007487339758991666,0.028109842312831514,-0.005919114915677653,-0.056837819134209606,0.014158351531450706,0.05041738781554944,0.020059729607913784,0.027870123841470806,0.548680694391238],[0.1373776981042107,0.1030869487313467,-0.003773055018633092,0.1437727685912184,0.007555583682000221,0.1803523685686045,0.13035098923839616,0.07379140141262777,0.03277512050359534,0.12014075138951742,1.0,0.06795769367358558,0.13377700633464,-0.03012251385540202,0.1204061103386119,0.7315842150367289,0.02138410740817933,-0.03059116173389983,-0.03922283261591733,-0.3991040585999433,-0.13762269373639333,0.1103514814497517,0.29798631068625886,-0.06234040489732951,0.1590019055145038],[0.01217046379037816,0.006850717631058423,0.0018355621136693782,0.008190016629855424,0.01118184807415072,0.010554193715812626,0.010306532007318677,0.014036041916606401,-0.011333731544184971,0.016917346067781235,0.06795769367358558,1.0,0.005010781355981663,0.003748589503966539,-0.1295704127899441,0.09874319182534168,0.009738906105040548,0.0138485890272346,0.04506062545518238,-0.06112517879924126,-7.50772009123346E-4,0.02632046593192984,0.04228927574558592,0.01247148247438374,0.023543965535926147],[0.48850652023498314,0.37519534393722687,0.08384259807110485,0.40931476721430815,0.21836159628998153,0.5204596519539253,0.45033058794329095,0.26586398574326614,0.21235710184568615,0.43003523898945456,0.13377700633464,0.005010781355981663,1.0,0.095496682760497,0.00690225568952129,0.025534972903275315,7.77216477406273E-4,0.025782883003208627,0.004445379165166113,-0.005648205317528066,0.008385371654782375,0.010203268537333304,-9.737649253375832E-4,0.0010098070590789123,0.7272055979347077],[0.15473373392140224,0.03547725198574198,0.043072965911727754,0.011945378924801207,0.12685732014646292,0.08619691445664582,0.143321670208517,0.042703700988558385,0.011962257949703958,0.054508462521836165,-0.03012251385540202,0.003748589503966539,0.095496682760497,1.0,0.2792899949655647,0.014205393053790403,-0.009671346229954851,-0.08951677006980308,0.40791702100235216,-0.09706662663181183,-0.027165422795963658,-0.02859221994136836,-0.049521664843056895,-0.14830965205812674,0.13793669424532787],[0.033094475863330676,-0.013218343501196814,-0.0017043817101264583,-0.002957966144404486,0.024670785704235976,0.021394110517518383,0.026789875068820596,-0.01611537389149012,-0.007154732412991893,-0.012329750345387205,0.1204061103386119,-0.1295704127899441,0.00690225568952129,0.2792899949655647,1.0,0.15209973888529024,0.015345529113250439,-0.1141996518213782,0.23419385868102166,-0.2266028676197213,-0.03053793100199786,-0.08306381956039847,0.3580837112948727,-0.265575059728524,0.022649429044781073],[0.054297992871830604,0.024409826548547946,-0.020078208089790453,0.0589220877236919,-0.020531061355100126,0.08973253145552314,0.04965142561241384,0.019912668580922666,-0.01921080053335061,0.06567140435966144,0.7315842150367289,0.09874319182534168,0.025534972903275315,0.014205393053790403,0.15209973888529024,1.0,0.03247421094806575,-0.08339026576950435,0.06195574788052522,-0.5592781471973046,-0.042801546357742214,0.17787566846771996,0.4019522716309021,-0.04420262184096492,0.06604178934570587],[-0.009361335162520159,0.0041879928374205354,0.01222405762095008,-8.820416361335759E-5,-0.014441534726584292,-0.009963332106268867,-0.004342405201420774,0.005809866567685453,0.007259246947983092,0.007487339758991666,0.02138410740817933,0.009738906105040548,7.77216477406273E-4,-0.009671346229954851,0.015345529113250439,0.03247421094806575,1.0,-0.14522091484097932,0.028802167865787633,-0.01130662472644562,0.009254387147452863,-0.0025689074543887953,0.048026272784819565,-0.008343755565242656,-0.006775898734419995],[0.0068776145911743705,0.03420970643444012,-0.005524683996155378,0.04686991848135524,-0.015738882150536898,0.04357452925630215,3.098926497469117E-4,0.011660426502851456,0.01666631757510869,0.028109842312831514,-0.03059116173389983,0.0138485890272346,0.025782883003208627,-0.08951677006980308,-0.1141996518213782,-0.08339026576950435,-0.14522091484097932,1.0,-0.10601301430088077,0.07191833994022857,-0.015609103735471513,0.010544291092295592,-0.056039663549527025,0.08014865382185084,0.014211409621353793],[0.07910630073832213,-0.014598385187434408,0.005385459469483852,-0.030451117005014367,0.09136387077712478,0.014330205793998116,0.06850104952643038,-0.008912024287474073,-0.0051997604349731715,-0.005919114915677653,-0.03922283261591733,0.04506062545518238,0.004445379165166113,0.40791702100235216,0.23419385868102166,0.06195574788052522,0.028802167865787633,-0.10601301430088077,1.0,-0.06274093970924316,-0.060441768640783884,0.010336663762105184,0.05767728015835777,-0.1621087265423301,0.05893006058268219],[-0.023250306876277136,-0.038121244772010184,0.016934718837380375,-0.04535677140917983,0.01722726182890311,-0.044273467354491475,-0.01974181354364354,-0.038234398287845264,-0.005494258075842025,-0.056837819134209606,-0.3991040585999433,-0.06112517879924126,-0.005648205317528066,-0.09706662663181183,-0.2266028676197213,-0.5592781471973046,-0.01130662472644562,0.07191833994022857,-0.06274093970924316,1.0,0.010417419788783893,-0.06330632100578758,-0.17578613249722724,0.058542436969987593,-0.03508928143356414],[-0.030460556683685705,-0.0062263429194822665,0.027804247691099574,-0.01618890297172126,-0.010687480958527536,-0.020427302965837838,-0.029811061230390224,0.005143365926428885,-0.010155308540325422,0.014158351531450706,-0.13762269373639333,-7.50772009123346E-4,0.008385371654782375,-0.027165422795963658,-0.03053793100199786,-0.042801546357742214,0.009254387147452863,-0.015609103735471513,-0.060441768640783884,0.010417419788783893,1.0,-0.016585279404660588,-0.05690248186116473,0.07976604524260511,0.004477329030458258],[0.03204348800963308,0.04284409752186401,-0.004326556960728393,0.048907683045408684,-0.0018393064272983145,0.04248683844994733,0.02789804200148278,0.026289972030768587,0.005837939326927162,0.05041738781554944,0.1103514814497517,0.02632046593192984,0.010203268537333304,-0.02859221994136836,-0.08306381956039847,0.17787566846771996,-0.0025689074543887953,0.010544291092295592,0.010336663762105184,-0.06330632100578758,-0.016585279404660588,1.0,0.0658337893810183,-0.006295637509434786,0.04226621488897396],[-0.02620113713287837,-0.009127995834369587,-0.014432487008952402,0.01205279542839995,-0.04655652185854525,0.017617739067626627,-0.029612405338238716,-0.009587849559744621,-0.021333032380710472,0.020059729607913784,0.29798631068625886,0.04228927574558592,-9.737649253375832E-4,-0.049521664843056895,0.3580837112948727,0.4019522716309021,0.048026272784819565,-0.056039663549527025,0.05767728015835777,-0.17578613249722724,-0.05690248186116473,0.0658337893810183,1.0,-0.1529472330513532,-0.014972430544194493],[-0.031331990087812456,0.003870038644339705,-0.031502194518921244,0.029491037188600935,-0.04148171695382448,0.010254316150608952,-0.02788331961573817,-0.005813426005391269,-0.008043808846784234,0.027870123841470806,-0.06234040489732951,0.01247148247438374,0.0010098070590789123,-0.14830965205812674,-0.265575059728524,-0.04420262184096492,-0.008343755565242656,0.08014865382185084,-0.1621087265423301,0.058542436969987593,0.07976604524260511,-0.006295637509434786,-0.1529472330513532,1.0,0.005316089627983011],[0.6098381071177733,0.45814751109329377,0.10688630199948444,0.504941710518335,0.25437002950191906,0.6707965769007922,0.5644484150499884,0.32042746991471976,0.2518391743177687,0.548680694391238,0.1590019055145038,0.023543965535926147,0.7272055979347077,0.13793669424532787,0.022649429044781073,0.06604178934570587,-0.006775898734419995,0.014211409621353793,0.05893006058268219,-0.03508928143356414,0.004477329030458258,0.04226621488897396,-0.014972430544194493,0.005316089627983011,1.0]],"columnNames":["average(Popularity Main Artist)","average(Follower_main_artist)","minimum(Follower_main_artist)","maximum(Follower_main_artist)","minimum(Popularity Main Artist)","maximum(Popularity Main Artist)","median(Popularity Main Artist)","median(Follower_main_artist)","variance(Follower_main_artist)","variance(Popularity Main Artist)","loudness","tempo","popularity","explicit","danceability","energy","key","mode","speechiness","acousticness","instrumentalness","liveness","valence","Chartsduration","Artist_Popularity"],"rowNames":["average(Popularity Main Artist)","average(Follower_main_artist)","minimum(Follower_main_artist)","maximum(Follower_main_artist)","minimum(Popularity Main Artist)","maximum(Popularity Main Artist)","median(Popularity Main Artist)","median(Follower_main_artist)","variance(Follower_main_artist)","variance(Popularity Main Artist)","loudness","tempo","popularity","explicit","danceability","energy","key","mode","speechiness","acousticness","instrumentalness","liveness","valence","Chartsduration","Artist_Popularity"],"name":"Correlation","theoreticalMin":-1.0,"theoreticalMax":1.0,"symmetrical":true,"firstAttributeName":"First Attribute","secondAttributeName":"Second Attribute","isUseless":false,"rm_object_annotations":{}}