{"rm_object_type":"com.rapidminer.operator.visualization.dependencies.NumericalMatrix","rm_object_version":"10.1.1","matrix":[[1.0,-0.09205748376447331,0.11813273778426155,-0.15418678754438908,0.2933620184504854,0.011440798302087869,-0.010479597505262634,0.40921194585730913,-0.09523669866214926,-0.03497664381005291,-0.022508541881375094,-0.04822777700857802,-0.15381566241951455,-0.08874811315391852,0.02752819396790894,0.02639753861608932,-0.014263311008930355,0.005968768134319129],[-0.09205748376447331,1.0,0.009112750155232434,0.06992108057861635,-0.11563853325923017,-0.08629814355546274,-0.13856406855344944,-0.11233547045490967,0.06887414198432949,-0.0120347635828134,0.00743876348779018,-0.05367314482742075,0.07025002254396856,0.06793160396295536,-0.003731838633265703,-0.03613429465960882,-0.033481000438705326,0.01618010053414908],[0.11813273778426155,0.009112750155232434,1.0,-0.022329826216765904,0.040538704877990744,0.033099567758514865,-0.0025311947856488316,0.008439260205563211,-0.037945456084182365,0.005323276109430787,0.0014809277998039248,1.9105211084097113E-4,-0.022464683749455903,0.045722963162327254,0.20616007275285758,-0.09511617767076917,0.13977113681230022,-0.0011601775758228934],[-0.15418678754438908,0.06992108057861635,-0.022329826216765904,1.0,-0.2611397202048842,-0.050294889309318976,0.004229685539446621,-0.18502882387932057,0.05699671757551591,0.04673932630456745,-0.0033101321216025244,-0.1530545734931321,0.9982016018553769,0.11847936260918944,-0.024413463548831397,-0.07253437965163076,-0.05748397500703388,-0.0015307260853309375],[0.2933620184504854,-0.11563853325923017,0.040538704877990744,-0.2611397202048842,1.0,0.16009485562688033,0.013805652697857808,0.2469246830478652,-0.22745244199862252,-0.03715335941042691,-0.08088347743641379,0.3720496202455686,-0.26089637012173544,-0.12089517194403111,0.014083673888533004,0.07695149301763643,0.13086462091057724,-0.11267828696954782],[0.011440798302087869,-0.08629814355546274,0.033099567758514865,-0.050294889309318976,0.16009485562688033,1.0,0.031215980013163756,0.07171195032728814,-0.5685454234932564,-0.03364513003625839,0.1607232341552326,0.4023512430516129,-0.050173488891330414,-0.02136355328297888,-0.005176806535758181,0.01449602348166815,0.7295020267458721,0.1017742042095737],[-0.010479597505262634,-0.13856406855344944,-0.0025311947856488316,0.004229685539446621,0.013805652697857808,0.031215980013163756,1.0,0.02486354287657382,-0.006466872294254177,9.847317199021615E-4,-0.006921147375800858,0.042042012377871064,0.004129006540313172,-0.001054940258125898,-6.74933123147371E-4,0.006165041401750703,0.01621854867229536,0.003420656211425175],[0.40921194585730913,-0.11233547045490967,0.008439260205563211,-0.18502882387932057,0.2469246830478652,0.07171195032728814,0.02486354287657382,1.0,-0.07308931703686591,-0.051605762545188026,0.015856580993872892,0.05741490114441702,-0.18455035026610883,-0.10400397542480914,-0.003908170559621041,0.05290922913448873,-0.01628097773304959,0.05239646473535726],[-0.09523669866214926,0.06887414198432949,-0.037945456084182365,0.05699671757551591,-0.22745244199862252,-0.5685454234932564,-0.006466872294254177,-0.07308931703686591,1.0,0.016154044903127374,-0.05725554309404186,-0.1805109794548396,0.057400674296117365,0.04599919382408447,-0.008173635720645956,-0.03287817579441752,-0.413070164384688,-0.06246375935111432],[-0.03497664381005291,-0.0120347635828134,0.005323276109430787,0.04673932630456745,-0.03715335941042691,-0.03364513003625839,9.847317199021615E-4,-0.051605762545188026,0.016154044903127374,1.0,-0.0029967827120509533,-0.06627004978166216,0.0459937792743481,0.04920789131279378,-0.0036134647023577365,-0.028439158132108358,-0.15260063318778208,-0.004532357736222452],[-0.022508541881375094,0.00743876348779018,0.0014809277998039248,-0.0033101321216025244,-0.08088347743641379,0.1607232341552326,-0.006921147375800858,0.015856580993872892,-0.05725554309404186,-0.0029967827120509533,1.0,0.058393476516024,-0.003056108930918432,0.018655220113151075,-4.600120318003037E-4,-0.010057763082538742,0.09218105327304706,0.0127014669217005],[-0.04822777700857802,-0.05367314482742075,1.9105211084097113E-4,-0.1530545734931321,0.3720496202455686,0.4023512430516129,0.042042012377871064,0.05741490114441702,-0.1805109794548396,-0.06627004978166216,0.058393476516024,1.0,-0.15294350062915799,0.01908031789100232,8.868857588139881E-4,-0.0041535565885883075,0.28396193085587856,0.05790275102810176],[-0.15381566241951455,0.07025002254396856,-0.022464683749455903,0.9982016018553769,-0.26089637012173544,-0.050173488891330414,0.004129006540313172,-0.18455035026610883,0.057400674296117365,0.0459937792743481,-0.003056108930918432,-0.15294350062915799,1.0,0.1184103815909775,-0.02432137796588232,-0.07262442166985729,-0.057169299365667725,-0.001033957690693984],[-0.08874811315391852,0.06793160396295536,0.045722963162327254,0.11847936260918944,-0.12089517194403111,-0.02136355328297888,-0.001054940258125898,-0.10400397542480914,0.04599919382408447,0.04920789131279378,0.018655220113151075,0.01908031789100232,0.1184103815909775,1.0,-0.04613304260710498,-0.6560032145075715,-0.048266012585244204,-7.965886878792169E-4],[0.02752819396790894,-0.003731838633265703,0.20616007275285758,-0.024413463548831397,0.014083673888533004,-0.005176806535758181,-6.74933123147371E-4,-0.003908170559621041,-0.008173635720645956,-0.0036134647023577365,-4.600120318003037E-4,8.868857588139881E-4,-0.02432137796588232,-0.04613304260710498,1.0,0.010663711695890957,0.01994157562750935,-0.010977930537550248],[0.02639753861608932,-0.03613429465960882,-0.09511617767076917,-0.07253437965163076,0.07695149301763643,0.01449602348166815,0.006165041401750703,0.05290922913448873,-0.03287817579441752,-0.028439158132108358,-0.010057763082538742,-0.0041535565885883075,-0.07262442166985729,-0.6560032145075715,0.010663711695890957,1.0,0.009116141649131122,-0.006407865187844875],[-0.014263311008930355,-0.033481000438705326,0.13977113681230022,-0.05748397500703388,0.13086462091057724,0.7295020267458721,0.01621854867229536,-0.01628097773304959,-0.413070164384688,-0.15260063318778208,0.09218105327304706,0.28396193085587856,-0.057169299365667725,-0.048266012585244204,0.01994157562750935,0.009116141649131122,1.0,0.07463504969922295],[0.005968768134319129,0.01618010053414908,-0.0011601775758228934,-0.0015307260853309375,-0.11267828696954782,0.1017742042095737,0.003420656211425175,0.05239646473535726,-0.06246375935111432,-0.004532357736222452,0.0127014669217005,0.05790275102810176,-0.001033957690693984,-7.965886878792169E-4,-0.010977930537550248,-0.006407865187844875,0.07463504969922295,1.0]],"columnNames":["explicit","mode","popularity","duration_ms","danceability","energy","key","speechiness","acousticness","instrumentalness","liveness","valence","Chartsduration","average(ChartsMinPos)","Top_Song","Top_Song2","loudness_new","tempo_new"],"rowNames":["explicit","mode","popularity","duration_ms","danceability","energy","key","speechiness","acousticness","instrumentalness","liveness","valence","Chartsduration","average(ChartsMinPos)","Top_Song","Top_Song2","loudness_new","tempo_new"],"name":"Correlation","theoreticalMin":-1.0,"theoreticalMax":1.0,"symmetrical":true,"firstAttributeName":"First Attribute","secondAttributeName":"Second Attribute","isUseless":false,"rm_object_annotations":{}}