{"rm_object_type":"com.rapidminer.operator.visualization.dependencies.NumericalMatrix","rm_object_version":"10.1.1","matrix":[[1.0,-0.09224543840755212,0.11949287953281636,-0.15109829773985117,0.2923799754025096,0.012049105728489216,-0.010100050377207397,0.40834738660773495,-0.09559320013740394,-0.03497367576055509,-0.022573366665557162,-0.0480496626276175,-0.15073692576618555,-0.08831022315101485,-0.013557404381722335,0.006192384878944181],[-0.09224543840755212,1.0,0.009348018012162158,0.06787075023363982,-0.11611476764953486,-0.08645507929510796,-0.13959547891129256,-0.11224381662597793,0.06899828241558821,-0.011366130676757591,0.007229061384386111,-0.05442295769791493,0.06820094392888505,0.06788905060104194,-0.03324450682305411,0.01578004446907094],[0.11949287953281636,0.009348018012162158,1.0,-0.020174337966771528,0.04058922374314286,0.03232600468956602,-0.0028833124568442697,0.008624350547629715,-0.03776716654299624,0.00561140030473968,9.78783219139629E-4,2.2586450066078874E-5,-0.0203118102440652,0.04544083758175895,0.13871295845340656,-0.0010518763550312954],[-0.15109829773985117,0.06787075023363982,-0.020174337966771528,1.0,-0.25947179082772964,-0.050411328735864534,0.004456580358677151,-0.18216939117247732,0.05678808372415285,0.045301963997144146,-0.0035161315885372554,-0.15140717392066805,0.99822847570017,0.11754545123811765,-0.05807165769096384,-0.0017442957246111813],[0.2923799754025096,-0.11611476764953486,0.04058922374314286,-0.25947179082772964,1.0,0.16071380869570911,0.014443812761369903,0.24701505718785846,-0.2282409879210845,-0.037766937695904515,-0.08075341027087095,0.3724736772287791,-0.25923664574666727,-0.12052133064483331,0.13146139299943163,-0.11224483207089746],[0.012049105728489216,-0.08645507929510796,0.03232600468956602,-0.050411328735864534,0.16071380869570911,1.0,0.031465959019785224,0.07226189873301528,-0.5686449436337446,-0.034214677302679936,0.16142868682704567,0.40227609812918896,-0.05029118611105633,-0.021667972683031583,0.7296303092207331,0.10139271735167431],[-0.010100050377207397,-0.13959547891129256,-0.0028833124568442697,0.004456580358677151,0.014443812761369903,0.031465959019785224,1.0,0.025216698816587953,-0.006578896145454579,8.131580133823091E-4,-0.007462029127222693,0.042399041157654416,0.004355998926704257,-7.787167503480201E-4,0.01626727478994932,0.0028419708214386464],[0.40834738660773495,-0.11224381662597793,0.008624350547629715,-0.18216939117247732,0.24701505718785846,0.07226189873301528,0.025216698816587953,1.0,-0.07359819454941961,-0.05174411151242265,0.016452205611233055,0.057245552169568004,-0.18170111939381822,-0.10308107228175485,-0.01568509964784187,0.05202875020636131],[-0.09559320013740394,0.06899828241558821,-0.03776716654299624,0.05678808372415285,-0.2282409879210845,-0.5686449436337446,-0.006578896145454579,-0.07359819454941961,1.0,0.016939890765719678,-0.05744660658862597,-0.1806194153705077,0.0571904162140908,0.04621439903997957,-0.41353535489235943,-0.062004487570563545],[-0.03497367576055509,-0.011366130676757591,0.00561140030473968,0.045301963997144146,-0.037766937695904515,-0.034214677302679936,8.131580133823091E-4,-0.05174411151242265,0.016939890765719678,1.0,-0.002908666370503052,-0.06613872402654038,0.04456473414714485,0.04962571094864693,-0.15287232173653784,-0.004746800296362203],[-0.022573366665557162,0.007229061384386111,9.78783219139629E-4,-0.0035161315885372554,-0.08075341027087095,0.16142868682704567,-0.007462029127222693,0.016452205611233055,-0.05744660658862597,-0.002908666370503052,1.0,0.058193337005002475,-0.0032633223670634204,0.017985119507890827,0.0926273685098289,0.013130484858311572],[-0.0480496626276175,-0.05442295769791493,2.2586450066078874E-5,-0.15140717392066805,0.3724736772287791,0.40227609812918896,0.042399041157654416,0.057245552169568004,-0.1806194153705077,-0.06613872402654038,0.058193337005002475,1.0,-0.151302096160011,0.01854077288482891,0.2839619657817665,0.05775677627064611],[-0.15073692576618555,0.06820094392888505,-0.0203118102440652,0.99822847570017,-0.25923664574666727,-0.05029118611105633,0.004355998926704257,-0.18170111939381822,0.0571904162140908,0.04456473414714485,-0.0032633223670634204,-0.151302096160011,1.0,0.117480181300202,-0.05775910672853614,-0.0012505710347934247],[-0.08831022315101485,0.06788905060104194,0.04544083758175895,0.11754545123811765,-0.12052133064483331,-0.021667972683031583,-7.787167503480201E-4,-0.10308107228175485,0.04621439903997957,0.04962571094864693,0.017985119507890827,0.01854077288482891,0.117480181300202,1.0,-0.04846521680172736,-0.0013694132034595726],[-0.013557404381722335,-0.03324450682305411,0.13871295845340656,-0.05807165769096384,0.13146139299943163,0.7296303092207331,0.01626727478994932,-0.01568509964784187,-0.41353535489235943,-0.15287232173653784,0.0926273685098289,0.2839619657817665,-0.05775910672853614,-0.04846521680172736,1.0,0.07448020595713098],[0.006192384878944181,0.01578004446907094,-0.0010518763550312954,-0.0017442957246111813,-0.11224483207089746,0.10139271735167431,0.0028419708214386464,0.05202875020636131,-0.062004487570563545,-0.004746800296362203,0.013130484858311572,0.05775677627064611,-0.0012505710347934247,-0.0013694132034595726,0.07448020595713098,1.0]],"columnNames":["explicit","mode","popularity","duration_ms","danceability","energy","key","speechiness","acousticness","instrumentalness","liveness","valence","Chartsduration","average(ChartsMinPos)","loudness_new","tempo_new"],"rowNames":["explicit","mode","popularity","duration_ms","danceability","energy","key","speechiness","acousticness","instrumentalness","liveness","valence","Chartsduration","average(ChartsMinPos)","loudness_new","tempo_new"],"name":"Correlation","theoreticalMin":-1.0,"theoreticalMax":1.0,"symmetrical":true,"firstAttributeName":"First Attribute","secondAttributeName":"Second Attribute","isUseless":false,"rm_object_annotations":{}}