{"rm_object_type":"com.rapidminer.operator.visualization.dependencies.NumericalMatrix","rm_object_version":"10.1.1","matrix":[[1.0,-0.09224543840755212,0.11949287953281636,-0.15109829773985117,0.2923799754025096,0.012049105728489216,-0.010100050377207397,-0.00979868388651021,0.40834738660773495,-0.09559320013740394,-0.03497367576055509,-0.022573366665557162,-0.0480496626276175,0.007350328206949784,0.048922814041921434,-0.15073692576618555,-0.08831022315101485],[-0.09224543840755212,1.0,0.009348018012162158,0.06787075023363982,-0.11611476764953486,-0.08645507929510796,-0.13959547891129256,-0.023209527191635996,-0.11224381662597793,0.06899828241558821,-0.011366130676757591,0.007229061384386111,-0.05442295769791493,0.007532889196114453,-0.03134884466109561,0.06820094392888505,0.06788905060104194],[0.11949287953281636,0.009348018012162158,1.0,-0.020174337966771528,0.04058922374314286,0.03232600468956602,-0.0028833124568442697,0.10084542175924721,0.008624350547629715,-0.03776716654299624,0.00561140030473968,9.78783219139629E-4,2.2586450066078874E-5,-9.472385281025513E-5,0.011132381312165452,-0.0203118102440652,0.04544083758175895],[-0.15109829773985117,0.06787075023363982,-0.020174337966771528,1.0,-0.25947179082772964,-0.050411328735864534,0.004456580358677151,-0.03581785538305209,-0.18216939117247732,0.05678808372415285,0.045301963997144146,-0.0035161315885372554,-0.15140717392066805,0.003988773029532505,-0.011016757979421669,0.99822847570017,0.11754545123811765],[0.2923799754025096,-0.11611476764953486,0.04058922374314286,-0.25947179082772964,1.0,0.16071380869570911,0.014443812761369903,0.08777210782174111,0.24701505718785846,-0.2282409879210845,-0.037766937695904515,-0.08075341027087095,0.3724736772287791,-0.06520403511253052,0.13644735711511216,-0.25923664574666727,-0.12052133064483331],[0.012049105728489216,-0.08645507929510796,0.03232600468956602,-0.050411328735864534,0.16071380869570911,1.0,0.031465959019785224,0.5330720107962822,0.07226189873301528,-0.5686449436337446,-0.034214677302679936,0.16142868682704567,0.40227609812918896,0.05409276618512816,0.11370563941860953,-0.05029118611105633,-0.021667972683031583],[-0.010100050377207397,-0.13959547891129256,-0.0028833124568442697,0.004456580358677151,0.014443812761369903,0.031465959019785224,1.0,0.0057510353481509974,0.025216698816587953,-0.006578896145454579,8.131580133823091E-4,-0.007462029127222693,0.042399041157654416,-0.004922556592044724,0.008593852573891596,0.004355998926704257,-7.787167503480201E-4],[-0.00979868388651021,-0.023209527191635996,0.10084542175924721,-0.03581785538305209,0.08777210782174111,0.5330720107962822,0.0057510353481509974,1.0,-0.0141921995266134,-0.3032382299326073,-0.09869829365020215,0.07087126907414237,0.2090329834571735,0.03372196338070777,0.053203405239663874,-0.03556177419754625,-0.039806184078856485],[0.40834738660773495,-0.11224381662597793,0.008624350547629715,-0.18216939117247732,0.24701505718785846,0.07226189873301528,0.025216698816587953,-0.0141921995266134,1.0,-0.07359819454941961,-0.05174411151242265,0.016452205611233055,0.057245552169568004,0.03844968128659342,0.05507678455785317,-0.18170111939381822,-0.10308107228175485],[-0.09559320013740394,0.06899828241558821,-0.03776716654299624,0.05678808372415285,-0.2282409879210845,-0.5686449436337446,-0.006578896145454579,-0.3032382299326073,-0.07359819454941961,1.0,0.016939890765719678,-0.05744660658862597,-0.1806194153705077,-0.027032054362980697,-0.1108270593680866,0.0571904162140908,0.04621439903997957],[-0.03497367576055509,-0.011366130676757591,0.00561140030473968,0.045301963997144146,-0.037766937695904515,-0.034214677302679936,8.131580133823091E-4,-0.09869829365020215,-0.05174411151242265,0.016939890765719678,1.0,-0.002908666370503052,-0.06613872402654038,-0.0019559194998003035,-0.026017088166147936,0.04456473414714485,0.04962571094864693],[-0.022573366665557162,0.007229061384386111,9.78783219139629E-4,-0.0035161315885372554,-0.08075341027087095,0.16142868682704567,-0.007462029127222693,0.07087126907414237,0.016452205611233055,-0.05744660658862597,-0.002908666370503052,1.0,0.058193337005002475,0.010857128693100182,0.010203481745188061,-0.0032633223670634204,0.017985119507890827],[-0.0480496626276175,-0.05442295769791493,2.2586450066078874E-5,-0.15140717392066805,0.3724736772287791,0.40227609812918896,0.042399041157654416,0.2090329834571735,0.057245552169568004,-0.1806194153705077,-0.06613872402654038,0.058193337005002475,1.0,0.03279538772288574,0.05689798591421604,-0.151302096160011,0.01854077288482891],[0.007350328206949784,0.007532889196114453,-9.472385281025513E-5,0.003988773029532505,-0.06520403511253052,0.05409276618512816,-0.004922556592044724,0.03372196338070777,0.03844968128659342,-0.027032054362980697,-0.0019559194998003035,0.010857128693100182,0.03279538772288574,1.0,-0.01627655733479918,0.0037991796503733613,-6.517622989886889E-4],[0.048922814041921434,-0.03134884466109561,0.011132381312165452,-0.011016757979421669,0.13644735711511216,0.11370563941860953,0.008593852573891596,0.053203405239663874,0.05507678455785317,-0.1108270593680866,-0.026017088166147936,0.010203481745188061,0.05689798591421604,-0.01627655733479918,1.0,-0.011075384465285186,-0.033562707287312504],[-0.15073692576618555,0.06820094392888505,-0.0203118102440652,0.99822847570017,-0.25923664574666727,-0.05029118611105633,0.004355998926704257,-0.03556177419754625,-0.18170111939381822,0.0571904162140908,0.04456473414714485,-0.0032633223670634204,-0.151302096160011,0.0037991796503733613,-0.011075384465285186,1.0,0.117480181300202],[-0.08831022315101485,0.06788905060104194,0.04544083758175895,0.11754545123811765,-0.12052133064483331,-0.021667972683031583,-7.787167503480201E-4,-0.039806184078856485,-0.10308107228175485,0.04621439903997957,0.04962571094864693,0.017985119507890827,0.01854077288482891,-6.517622989886889E-4,-0.033562707287312504,0.117480181300202,1.0]],"columnNames":["explicit","mode","popularity","duration_ms","danceability","energy","key","loudness","speechiness","acousticness","instrumentalness","liveness","valence","tempo","time_signature","Chartsduration","average(ChartsMinPos)"],"rowNames":["explicit","mode","popularity","duration_ms","danceability","energy","key","loudness","speechiness","acousticness","instrumentalness","liveness","valence","tempo","time_signature","Chartsduration","average(ChartsMinPos)"],"name":"Correlation","theoreticalMin":-1.0,"theoreticalMax":1.0,"symmetrical":true,"firstAttributeName":"First Attribute","secondAttributeName":"Second Attribute","isUseless":false,"rm_object_annotations":{}}